# Made in Blockbench 5.1.4
mtllib weaver.mtl

o cube
v 0.21875 0.546875 0.25
v 0.21875 0.546875 -0.375
v 0.21875 0.296875 0.25
v 0.21875 0.296875 -0.375
v -0.21875 0.546875 -0.375
v -0.21875 0.546875 0.25
v -0.21875 0.296875 -0.375
v -0.21875 0.296875 0.25
vt 0.296875 0.640625
vt 0.40625 0.640625
vt 0.40625 0.578125
vt 0.296875 0.578125
vt 0.28125 0.90625
vt 0.4375 0.90625
vt 0.4375 0.84375
vt 0.28125 0.84375
vt 0.390625 0.84375
vt 0.5 0.84375
vt 0.5 0.78125
vt 0.390625 0.78125
vt 0.140625 0.640625
vt 0.296875 0.640625
vt 0.296875 0.578125
vt 0.140625 0.578125
vt 0.109375 0.671875
vt 0 0.671875
vt 0 0.828125
vt 0.109375 0.828125
vt 0.21875 0.828125
vt 0.109375 0.828125
vt 0.109375 0.671875
vt 0.21875 0.671875
vn 0 0 -1
vn 1 0 0
vn 0 0 1
vn -1 0 0
vn 0 1 0
vn 0 -1 0
usemtl entities/weaver
f 4/4/1 7/3/1 5/2/1 2/1/1
f 3/8/2 4/7/2 2/6/2 1/5/2
f 8/12/3 3/11/3 1/10/3 6/9/3
f 7/16/4 8/15/4 6/14/4 5/13/4
f 6/20/5 1/19/5 2/18/5 5/17/5
f 7/24/6 4/23/6 3/22/6 8/21/6
o cube
v 0.28125 0.7502456931527111 0.8207057162761122
v 0.28125 0.6605089360014257 0.1390873740816175
v 0.28125 0.37845387013753223 0.8696530383586315
v 0.28125 0.2887171129862468 0.18803469616413684
v -0.28125 0.6605089360014257 0.1390873740816175
v -0.28125 0.7502456931527111 0.8207057162761122
v -0.28125 0.2887171129862468 0.18803469616413684
v -0.28125 0.37845387013753223 0.8696530383586315
vt 0.28125 1
vt 0.421875 1
vt 0.421875 0.90625
vt 0.28125 0.90625
vt 0.21875 0.828125
vt 0.390625 0.828125
vt 0.390625 0.734375
vt 0.21875 0.734375
vt 0 0.671875
vt 0.140625 0.671875
vt 0.140625 0.578125
vt 0 0.578125
vt 0.21875 0.734375
vt 0.390625 0.734375
vt 0.390625 0.640625
vt 0.21875 0.640625
vt 0.140625 0.828125
vt 0 0.828125
vt 0 1
vt 0.140625 1
vt 0.28125 1
vt 0.140625 1
vt 0.140625 0.828125
vt 0.28125 0.828125
vn 0 -0.13052619222005157 -0.9914448613738104
vn 1 0 0
vn 0 0.13052619222005157 0.9914448613738104
vn -1 0 0
vn 0 0.9914448613738104 -0.13052619222005157
vn 0 -0.9914448613738104 0.13052619222005157
usemtl entities/weaver
f 12/28/7 15/27/7 13/26/7 10/25/7
f 11/32/8 12/31/8 10/30/8 9/29/8
f 16/36/9 11/35/9 9/34/9 14/33/9
f 15/40/10 16/39/10 14/38/10 13/37/10
f 14/44/11 9/43/11 10/42/11 13/41/11
f 15/48/12 12/47/12 11/46/12 16/45/12
o cube
v 0.16998234695031178 0.37535951787581245 -0.3321235957377454
v 0.10626059638926709 0.3319474734590799 -0.569936406378795
v 0.17279131292078354 0.31380903331254945 -0.3216403920192129
v 0.10906956235973883 0.27039698889581687 -0.5594532026602623
v 0.04589023224620033 0.3319474734590799 -0.5537602160598873
v 0.10961198280724502 0.37535951787581245 -0.3159474054188379
v 0.048699198216672054 0.27039698889581687 -0.5432770123413548
v 0.11242094877771674 0.31380903331254945 -0.30546420170030536
vt 0.203125 0.671875
vt 0.21875 0.671875
vt 0.21875 0.65625
vt 0.203125 0.65625
vt 0.140625 0.671875
vt 0.203125 0.671875
vt 0.203125 0.65625
vt 0.140625 0.65625
vt 0.203125 0.65625
vt 0.21875 0.65625
vt 0.21875 0.640625
vt 0.203125 0.640625
vt 0.140625 0.65625
vt 0.203125 0.65625
vt 0.203125 0.640625
vt 0.140625 0.640625
vt 0.40625 0.65625
vt 0.390625 0.65625
vt 0.390625 0.71875
vt 0.40625 0.71875
vt 0.65625 0.96875
vt 0.640625 0.96875
vt 0.640625 0.90625
vt 0.65625 0.90625
vn -0.25488700224417876 -0.17364817766693036 -0.9512512425641979
vn 0.9659258262890683 6.938893903907228e-18 -0.2588190451025207
vn 0.25488700224417876 0.17364817766693036 0.9512512425641979
vn -0.9659258262890683 -6.938893903907228e-18 0.2588190451025207
vn -0.04494345552754777 0.9848077530122081 -0.16773125949652062
vn 0.04494345552754777 -0.9848077530122081 0.16773125949652062
usemtl entities/weaver
f 20/52/13 23/51/13 21/50/13 18/49/13
f 19/56/14 20/55/14 18/54/14 17/53/14
f 24/60/15 19/59/15 17/58/15 22/57/15
f 23/64/16 24/63/16 22/62/16 21/61/16
f 22/68/17 17/67/17 18/66/17 21/65/17
f 23/72/18 20/71/18 19/70/18 24/69/18
o cube
v -0.10961198280724502 0.37535951787581245 -0.3159474054188379
v -0.04589023224620033 0.3319474734590799 -0.5537602160598873
v -0.11242094877771674 0.31380903331254945 -0.30546420170030536
v -0.048699198216672054 0.27039698889581687 -0.5432770123413548
v -0.10626059638926709 0.3319474734590799 -0.569936406378795
v -0.16998234695031178 0.37535951787581245 -0.3321235957377454
v -0.10906956235973883 0.27039698889581687 -0.5594532026602623
v -0.17279131292078354 0.31380903331254945 -0.3216403920192129
vt 0.375 0.84375
vt 0.390625 0.84375
vt 0.390625 0.828125
vt 0.375 0.828125
vt 0.109375 0.359375
vt 0.171875 0.359375
vt 0.171875 0.34375
vt 0.109375 0.34375
vt 0.390625 0.65625
vt 0.40625 0.65625
vt 0.40625 0.640625
vt 0.390625 0.640625
vt 0.171875 0.359375
vt 0.234375 0.359375
vt 0.234375 0.34375
vt 0.171875 0.34375
vt 0.65625 0.765625
vt 0.640625 0.765625
vt 0.640625 0.828125
vt 0.65625 0.828125
vt 0.65625 0.703125
vt 0.640625 0.703125
vt 0.640625 0.640625
vt 0.65625 0.640625
vn 0.25488700224417876 -0.17364817766693036 -0.9512512425641979
vn 0.9659258262890683 -6.938893903907228e-18 0.2588190451025207
vn -0.25488700224417876 0.17364817766693036 0.9512512425641979
vn -0.9659258262890683 6.938893903907228e-18 -0.2588190451025207
vn 0.04494345552754777 0.9848077530122081 -0.16773125949652062
vn -0.04494345552754777 -0.9848077530122081 0.16773125949652062
usemtl entities/weaver
f 28/76/19 31/75/19 29/74/19 26/73/19
f 27/80/20 28/79/20 26/78/20 25/77/20
f 32/84/21 27/83/21 25/82/21 30/81/21
f 31/88/22 32/87/22 30/86/22 29/85/22
f 30/92/23 25/91/23 26/90/23 29/89/23
f 31/96/24 28/95/24 27/94/24 32/93/24
o cube
v 0.24528127336238228 0.419975969126526 -0.09277072993796256
v 0.3200981797148723 0.49594704685580804 -0.51707849073488
v 0.249050484563263 0.296875 -0.11414698889581686
v 0.323867390915753 0.372846077729282 -0.5384547496927343
v 0.1969972105883463 0.49594704685580804 -0.5387845129432463
v 0.12218030423585627 0.419975969126526 -0.11447675214632885
v 0.20076642178922702 0.372846077729282 -0.5601607719011006
v 0.125949515436737 0.296875 -0.13585301110418316
vt 0.640625 0.765625
vt 0.671875 0.765625
vt 0.671875 0.734375
vt 0.640625 0.734375
vt 0.390625 0.78125
vt 0.5 0.78125
vt 0.5 0.75
vt 0.390625 0.75
vt 0.34375 0.359375
vt 0.375 0.359375
vt 0.375 0.328125
vt 0.34375 0.328125
vt 0.390625 0.75
vt 0.5 0.75
vt 0.5 0.71875
vt 0.390625 0.71875
vt 0.4375 0.609375
vt 0.40625 0.609375
vt 0.40625 0.71875
vt 0.4375 0.71875
vt 0.4375 0.609375
vt 0.40625 0.609375
vt 0.40625 0.5
vt 0.4375 0.5
vn 0.17101007166283436 0.17364817766693036 -0.9698463103929543
vn 0.984807753012208 0 0.17364817766693033
vn -0.17101007166283436 -0.17364817766693036 0.9698463103929543
vn -0.984807753012208 0 -0.17364817766693033
vn -0.03015368960704581 0.9848077530122082 0.17101007166283436
vn 0.03015368960704581 -0.9848077530122082 -0.17101007166283436
usemtl entities/weaver
f 36/100/25 39/99/25 37/98/25 34/97/25
f 35/104/26 36/103/26 34/102/26 33/101/26
f 40/108/27 35/107/27 33/106/27 38/105/27
f 39/112/28 40/111/28 38/110/28 37/109/28
f 38/116/29 33/115/29 34/114/29 37/113/29
f 39/120/30 36/119/30 35/118/30 40/117/30
o cube
v 0.29817494674017486 0.48976399485042577 -0.5015094551250879
v 0.3357262867540543 0.1813451790247718 -0.8095256574714309
v 0.29675608431488393 0.4234371999412855 -0.4352689417929968
v 0.33430742432876337 0.11501838411563159 -0.7432851441393398
v 0.24233303380940258 0.17665857920091527 -0.8162188320924406
v 0.20478169379552313 0.4850773950265692 -0.5082026297460975
v 0.24091417138411161 0.11033178429177504 -0.7499783187603495
v 0.20336283137023217 0.418750600117429 -0.44196211641400646
vt 0.640625 0.640625
vt 0.671875 0.640625
vt 0.671875 0.609375
vt 0.640625 0.609375
vt 0 0.578125
vt 0.109375 0.578125
vt 0.109375 0.546875
vt 0 0.546875
vt 0.375 0.359375
vt 0.40625 0.359375
vt 0.40625 0.328125
vt 0.375 0.328125
vt 0.421875 1
vt 0.53125 1
vt 0.53125 0.96875
vt 0.421875 0.96875
vt 0.140625 0.46875
vt 0.109375 0.46875
vt 0.109375 0.578125
vt 0.140625 0.578125
vt 0.171875 0.578125
vt 0.140625 0.578125
vt 0.140625 0.46875
vt 0.171875 0.46875
vn 0.08583163431743873 -0.7049572933157805 -0.7040370339344985
vn 0.9961946980762852 0.049990398121136266 0.07139386262410298
vn -0.08583163431743873 0.7049572933157805 0.7040370339344985
vn -0.9961946980762852 -0.049990398121136266 -0.07139386262410298
vn 0.015134532536436807 0.7074858123641625 -0.7065654755423059
vn -0.015134532536436807 -0.7074858123641625 0.7065654755423059
usemtl entities/weaver
f 44/124/31 47/123/31 45/122/31 42/121/31
f 43/128/32 44/127/32 42/126/32 41/125/32
f 48/132/33 43/131/33 41/130/33 46/129/33
f 47/136/34 48/135/34 46/134/34 45/133/34
f 46/140/35 41/139/35 42/138/35 45/137/35
f 47/144/36 44/143/36 43/142/36 48/141/36
o cube
v 0.3125 0.21289423668979063 -0.7139136413587938
v 0.3125 0.054412388537028344 -1.0537790614975373
v 0.3125 0.15625 -0.6875
v 0.3125 -0.0022318481527622835 -1.0273654201387437
v 0.25 0.054412388537028344 -1.0537790614975373
v 0.25 0.21289423668979063 -0.7139136413587938
v 0.25 -0.0022318481527622835 -1.0273654201387437
v 0.25 0.15625 -0.6875
vt 0.5 0.734375
vt 0.515625 0.734375
vt 0.515625 0.71875
vt 0.5 0.71875
vt 0.28125 0.84375
vt 0.375 0.84375
vt 0.375 0.828125
vt 0.28125 0.828125
vt 0.515625 0.734375
vt 0.53125 0.734375
vt 0.53125 0.71875
vt 0.515625 0.71875
vt 0.53125 0.59375
vt 0.625 0.59375
vt 0.625 0.578125
vt 0.53125 0.578125
vt 0.109375 0.359375
vt 0.09375 0.359375
vt 0.09375 0.453125
vt 0.109375 0.453125
vt 0.515625 0.40625
vt 0.5 0.40625
vt 0.5 0.3125
vt 0.515625 0.3125
vn 0 -0.42261826174069944 -0.9063077870366499
vn 1 0 0
vn 0 0.42261826174069944 0.9063077870366499
vn -1 0 0
vn 0 0.9063077870366499 -0.42261826174069944
vn 0 -0.9063077870366499 0.42261826174069944
usemtl entities/weaver
f 52/148/37 55/147/37 53/146/37 50/145/37
f 51/152/38 52/151/38 50/150/38 49/149/38
f 56/156/39 51/155/39 49/154/39 54/153/39
f 55/160/40 56/159/40 54/158/40 53/157/40
f 54/164/41 49/163/41 50/162/41 53/161/41
f 55/168/42 52/167/42 51/166/42 56/165/42
o cube
v -0.12218030423585627 0.419975969126526 -0.11447675214632885
v -0.1969972105883463 0.49594704685580804 -0.5387845129432463
v -0.125949515436737 0.296875 -0.13585301110418316
v -0.20076642178922702 0.372846077729282 -0.5601607719011006
v -0.3200981797148723 0.49594704685580804 -0.51707849073488
v -0.24528127336238228 0.419975969126526 -0.09277072993796256
v -0.323867390915753 0.372846077729282 -0.5384547496927343
v -0.249050484563263 0.296875 -0.11414698889581686
vt 0.65625 0.875
vt 0.6875 0.875
vt 0.6875 0.84375
vt 0.65625 0.84375
vt 0 0.484375
vt 0.109375 0.484375
vt 0.109375 0.453125
vt 0 0.453125
vt 0.140625 0.34375
vt 0.171875 0.34375
vt 0.171875 0.3125
vt 0.140625 0.3125
vt 0.234375 0.484375
vt 0.34375 0.484375
vt 0.34375 0.453125
vt 0.234375 0.453125
vt 0.140625 0.359375
vt 0.109375 0.359375
vt 0.109375 0.46875
vt 0.140625 0.46875
vt 0.171875 0.46875
vt 0.140625 0.46875
vt 0.140625 0.359375
vt 0.171875 0.359375
vn -0.17101007166283436 0.17364817766693036 -0.9698463103929543
vn 0.984807753012208 0 -0.17364817766693033
vn 0.17101007166283436 -0.17364817766693036 0.9698463103929543
vn -0.984807753012208 0 0.17364817766693033
vn 0.03015368960704581 0.9848077530122082 0.17101007166283436
vn -0.03015368960704581 -0.9848077530122082 -0.17101007166283436
usemtl entities/weaver
f 60/172/43 63/171/43 61/170/43 58/169/43
f 59/176/44 60/175/44 58/174/44 57/173/44
f 64/180/45 59/179/45 57/178/45 62/177/45
f 63/184/46 64/183/46 62/182/46 61/181/46
f 62/188/47 57/187/47 58/186/47 61/185/47
f 63/192/48 60/191/48 59/190/48 64/189/48
o cube
v -0.20478169379552313 0.4850773950265692 -0.5082026297460975
v -0.24233303380940258 0.17665857920091527 -0.8162188320924406
v -0.20336283137023217 0.418750600117429 -0.44196211641400646
v -0.24091417138411161 0.11033178429177504 -0.7499783187603495
v -0.3357262867540543 0.1813451790247718 -0.8095256574714309
v -0.29817494674017486 0.48976399485042577 -0.5015094551250879
v -0.33430742432876337 0.11501838411563159 -0.7432851441393398
v -0.29675608431488393 0.4234371999412855 -0.4352689417929968
vt 0.171875 0.34375
vt 0.203125 0.34375
vt 0.203125 0.3125
vt 0.171875 0.3125
vt 0.53125 1
vt 0.640625 1
vt 0.640625 0.96875
vt 0.53125 0.96875
vt 0.65625 0.828125
vt 0.6875 0.828125
vt 0.6875 0.796875
vt 0.65625 0.796875
vt 0.53125 0.96875
vt 0.640625 0.96875
vt 0.640625 0.9375
vt 0.53125 0.9375
vt 0.5625 0.734375
vt 0.53125 0.734375
vt 0.53125 0.84375
vt 0.5625 0.84375
vt 0.203125 0.46875
vt 0.171875 0.46875
vt 0.171875 0.359375
vt 0.203125 0.359375
vn -0.08583163431743873 -0.7049572933157805 -0.7040370339344985
vn 0.9961946980762852 -0.049990398121136266 -0.07139386262410298
vn 0.08583163431743873 0.7049572933157805 0.7040370339344985
vn -0.9961946980762852 0.049990398121136266 0.07139386262410298
vn -0.015134532536436807 0.7074858123641625 -0.7065654755423059
vn 0.015134532536436807 -0.7074858123641625 0.7065654755423059
usemtl entities/weaver
f 68/196/49 71/195/49 69/194/49 66/193/49
f 67/200/50 68/199/50 66/198/50 65/197/50
f 72/204/51 67/203/51 65/202/51 70/201/51
f 71/208/52 72/207/52 70/206/52 69/205/52
f 70/212/53 65/211/53 66/210/53 69/209/53
f 71/216/54 68/215/54 67/214/54 72/213/54
o cube
v -0.25 0.21289423668979063 -0.7139136413587938
v -0.25 0.054412388537028344 -1.0537790614975373
v -0.25 0.15625 -0.6875
v -0.25 -0.0022318481527622835 -1.0273654201387437
v -0.3125 0.054412388537028344 -1.0537790614975373
v -0.3125 0.21289423668979063 -0.7139136413587938
v -0.3125 -0.0022318481527622835 -1.0273654201387437
v -0.3125 0.15625 -0.6875
vt 0.671875 0.515625
vt 0.6875 0.515625
vt 0.6875 0.5
vt 0.671875 0.5
vt 0.609375 0.53125
vt 0.703125 0.53125
vt 0.703125 0.515625
vt 0.609375 0.515625
vt 0.671875 0.5
vt 0.6875 0.5
vt 0.6875 0.484375
vt 0.671875 0.484375
vt 0.625 0.84375
vt 0.71875 0.84375
vt 0.71875 0.828125
vt 0.625 0.828125
vt 0.640625 0.734375
vt 0.625 0.734375
vt 0.625 0.828125
vt 0.640625 0.828125
vt 0.25 0.375
vt 0.234375 0.375
vt 0.234375 0.28125
vt 0.25 0.28125
vn 0 -0.42261826174069944 -0.9063077870366499
vn 1 0 0
vn 0 0.42261826174069944 0.9063077870366499
vn -1 0 0
vn 0 0.9063077870366499 -0.42261826174069944
vn 0 -0.9063077870366499 0.42261826174069944
usemtl entities/weaver
f 76/220/55 79/219/55 77/218/55 74/217/55
f 75/224/56 76/223/56 74/222/56 73/221/56
f 80/228/57 75/227/57 73/226/57 78/225/57
f 79/232/58 80/231/58 78/230/58 77/229/58
f 78/236/59 73/235/59 74/234/59 77/233/59
f 79/240/60 76/239/60 75/238/60 80/237/60
o cube
v 0.2162782322060984 0.419975969126526 0.024097261252408714
v 0.5463310789028748 0.49594704685580804 -0.25284996067986776
v 0.23290600990103452 0.296875 0.010144899121290005
v 0.562958856597811 0.372846077729282 -0.2668023228109865
v 0.46598262769205745 0.49594704685580804 -0.34860551606974
v 0.13592978099528097 0.419975969126526 -0.07165829413746355
v 0.48261040538699357 0.372846077729282 -0.3625578782008587
v 0.15255755869021712 0.296875 -0.08561065626858226
vt 0.4375 0.359375
vt 0.46875 0.359375
vt 0.46875 0.328125
vt 0.4375 0.328125
vt 0.421875 0.96875
vt 0.53125 0.96875
vt 0.53125 0.9375
vt 0.421875 0.9375
vt 0.46875 0.359375
vt 0.5 0.359375
vt 0.5 0.328125
vt 0.46875 0.328125
vt 0.421875 0.9375
vt 0.53125 0.9375
vt 0.53125 0.90625
vt 0.421875 0.90625
vt 0.203125 0.46875
vt 0.171875 0.46875
vt 0.171875 0.578125
vt 0.203125 0.578125
vt 0.234375 0.578125
vt 0.203125 0.578125
vt 0.203125 0.46875
vt 0.234375 0.46875
vn 0.754406506735489 0.17364817766693036 -0.6330222215594891
vn 0.6427876096865394 -1.3877787807814457e-17 0.7660444431189781
vn -0.754406506735489 -0.17364817766693036 0.6330222215594891
vn -0.6427876096865394 1.3877787807814457e-17 -0.7660444431189781
vn -0.133022221559489 0.9848077530122081 0.11161889704894966
vn 0.133022221559489 -0.9848077530122081 -0.11161889704894966
usemtl entities/weaver
f 84/244/61 87/243/61 85/242/61 82/241/61
f 83/248/62 84/247/62 82/246/62 81/245/62
f 88/252/63 83/251/63 81/250/63 86/249/63
f 87/256/64 88/255/64 86/254/64 85/253/64
f 86/260/65 81/259/65 82/258/65 85/257/65
f 87/264/66 84/263/66 83/262/66 88/261/66
o cube
v 0.5195293249226622 0.48976399485042577 -0.25501536998667196
v 0.7462843187228972 0.1813451790247718 -0.4668319340966507
v 0.4758638320170736 0.4234371999412855 -0.20518422002610176
v 0.7026188258173085 0.11501838411563159 -0.4170007841360805
v 0.679043225995695 0.17665857920091527 -0.5319912291430432
v 0.45228823219546005 0.4850773950265692 -0.32017466503306447
v 0.6353777330901064 0.11033178429177504 -0.48216007918247294
v 0.40862273928987136 0.418750600117429 -0.2703435150724942
vt 0.640625 0.515625
vt 0.671875 0.515625
vt 0.671875 0.484375
vt 0.640625 0.484375
vt 0.234375 0.578125
vt 0.34375 0.578125
vt 0.34375 0.546875
vt 0.234375 0.546875
vt 0.640625 0.484375
vt 0.671875 0.484375
vt 0.671875 0.453125
vt 0.640625 0.453125
vt 0.4375 0.90625
vt 0.546875 0.90625
vt 0.546875 0.875
vt 0.4375 0.875
vt 0.375 0.46875
vt 0.34375 0.46875
vt 0.34375 0.578125
vt 0.375 0.578125
vt 0.40625 0.578125
vt 0.375 0.578125
vt 0.375 0.46875
vt 0.40625 0.46875
vn 0.5182971286862512 -0.7049572933157806 -0.48415214653709426
vn 0.7172383224234901 0.0499903981211363 0.695032480494853
vn -0.5182971286862512 0.7049572933157806 0.48415214653709426
vn -0.7172383224234901 -0.0499903981211363 -0.695032480494853
vn 0.46576525765961246 0.7074858123641625 -0.5315322662460822
vn -0.46576525765961246 -0.7074858123641625 0.5315322662460822
usemtl entities/weaver
f 92/268/67 95/267/67 93/266/67 90/265/67
f 91/272/68 92/271/68 90/270/68 89/269/68
f 96/276/69 91/275/69 89/274/69 94/273/69
f 95/280/70 96/279/70 94/278/70 93/277/70
f 94/284/71 89/283/71 90/282/71 93/281/71
f 95/288/72 92/287/72 91/286/72 96/285/72
o cube
v 0.667033731526313 0.21289423668979063 -0.40851844980269547
v 0.8854950125524075 0.054412388537028344 -0.668870466308277
v 0.6500553701341765 0.15625 -0.38828442661725393
v 0.868516651160271 -0.0022318481527622835 -0.6486364431228354
v 0.8376172348574714 0.054412388537028344 -0.7090446919136857
v 0.6191559538313769 0.21289423668979063 -0.4486926754081042
v 0.8206388734653349 -0.0022318481527622835 -0.6888106687282441
v 0.6021775924392403 0.15625 -0.42845865222266266
vt 0.53125 0.734375
vt 0.546875 0.734375
vt 0.546875 0.71875
vt 0.53125 0.71875
vt 0.546875 0.703125
vt 0.640625 0.703125
vt 0.640625 0.6875
vt 0.546875 0.6875
vt 0.640625 0.609375
vt 0.65625 0.609375
vt 0.65625 0.59375
vt 0.640625 0.59375
vt 0.59375 0.421875
vt 0.6875 0.421875
vt 0.6875 0.40625
vt 0.59375 0.40625
vt 0.53125 0.3125
vt 0.515625 0.3125
vt 0.515625 0.40625
vt 0.53125 0.40625
vt 0.609375 0.40625
vt 0.59375 0.40625
vt 0.59375 0.3125
vt 0.609375 0.3125
vn 0.5825634160695854 -0.4226182617406995 -0.694272044014884
vn 0.7660444431189781 0 0.6427876096865394
vn -0.5825634160695854 0.4226182617406995 0.694272044014884
vn -0.7660444431189781 0 -0.6427876096865394
vn 0.2716537822741844 0.9063077870366499 -0.3237443709670646
vn -0.2716537822741844 -0.9063077870366499 0.3237443709670646
usemtl entities/weaver
f 100/292/73 103/291/73 101/290/73 98/289/73
f 99/296/74 100/295/74 98/294/74 97/293/74
f 104/300/75 99/299/75 97/298/75 102/297/75
f 103/304/76 104/303/76 102/302/76 101/301/76
f 102/308/77 97/307/77 98/306/77 101/305/77
f 103/312/78 100/311/78 99/310/78 104/309/78
o cube
v 0.5759166759466565 0.49594704685580804 0.0968749597428673
v 0.18543089175770602 0.419975969126526 -0.08521155182510054
v 0.5955890128996895 0.372846077729282 0.10604832111787207
v 0.20510322871073886 0.296875 -0.07603819045009576
v 0.13260360904011856 0.419975969126526 0.02807692155448069
v 0.5230893932290692 0.49594704685580804 0.21016343312244853
v 0.1522759459931514 0.296875 0.03725028292948547
v 0.5427617301821019 0.372846077729282 0.21933679449745333
vt 0.625 0.359375
vt 0.65625 0.359375
vt 0.65625 0.328125
vt 0.625 0.328125
vt 0.4375 0.875
vt 0.546875 0.875
vt 0.546875 0.84375
vt 0.4375 0.84375
vt 0 0.34375
vt 0.03125 0.34375
vt 0.03125 0.3125
vt 0 0.3125
vt 0.4375 0.71875
vt 0.546875 0.71875
vt 0.546875 0.6875
vt 0.4375 0.6875
vt 0.46875 0.578125
vt 0.4375 0.578125
vt 0.4375 0.6875
vt 0.46875 0.6875
vt 0.46875 0.578125
vt 0.4375 0.578125
vt 0.4375 0.46875
vt 0.46875 0.46875
vn -0.89253893528903 -0.17364817766693036 -0.41619774072678367
vn 0.42261826174069966 1.3877787807814457e-17 -0.9063077870366498
vn 0.89253893528903 0.17364817766693036 0.41619774072678367
vn -0.42261826174069966 -1.3877787807814457e-17 0.9063077870366498
vn -0.15737869562426263 0.984807753012208 -0.07338689100003827
vn 0.15737869562426263 -0.984807753012208 0.07338689100003827
usemtl entities/weaver
f 108/316/79 111/315/79 109/314/79 106/313/79
f 107/320/80 108/319/80 106/318/80 105/317/80
f 112/324/81 107/323/81 105/322/81 110/321/81
f 111/328/82 112/327/82 110/326/82 109/325/82
f 110/332/83 105/331/83 106/330/83 109/329/83
f 111/336/84 108/335/84 107/334/84 112/333/84
o cube
v 0.8244392843678727 0.1813451790247718 0.25181396763106534
v 0.5505886187563667 0.48976399485042577 0.10590338888902746
v 0.7693644064035672 0.11501838411563159 0.2149822341082224
v 0.4955137407920612 0.4234371999412855 0.06907165536618456
v 0.5025031772267247 0.4850773950265692 0.1862457102084318
v 0.7763538428382307 0.17665857920091527 0.33215628895046967
v 0.4474282992624192 0.418750600117429 0.14941397668558892
v 0.7212789648739253 0.11033178429177504 0.29532455542762676
vt 0.03125 0.34375
vt 0.0625 0.34375
vt 0.0625 0.3125
vt 0.03125 0.3125
vt 0 0.546875
vt 0.109375 0.546875
vt 0.109375 0.515625
vt 0 0.515625
vt 0.65625 0.96875
vt 0.6875 0.96875
vt 0.6875 0.9375
vt 0.65625 0.9375
vt 0.234375 0.546875
vt 0.34375 0.546875
vt 0.34375 0.515625
vt 0.234375 0.515625
vt 0.5 0.578125
vt 0.46875 0.578125
vt 0.46875 0.6875
vt 0.5 0.6875
vt 0.5 0.578125
vt 0.46875 0.578125
vt 0.46875 0.46875
vt 0.5 0.46875
vn -0.6259443785405853 0.7049572933157806 -0.3335098942675151
vn 0.5129113763161808 0.0499903981211363 -0.8569847607403132
vn 0.6259443785405853 -0.7049572933157806 0.3335098942675151
vn -0.5129113763161808 -0.0499903981211363 0.8569847607403132
vn 0.5874653649525917 0.7074858123641624 0.3928718242436576
vn -0.5874653649525917 -0.7074858123641624 -0.3928718242436576
usemtl entities/weaver
f 116/340/85 119/339/85 117/338/85 114/337/85
f 115/344/86 116/343/86 114/342/86 113/341/86
f 120/348/87 115/347/87 113/346/87 118/345/87
f 119/352/88 120/351/88 118/350/88 117/349/88
f 118/356/89 113/355/89 114/354/89 117/353/89
f 119/360/90 116/359/90 115/358/90 120/357/90
o cube
v 1.0111979088143448 0.054412388537028344 0.4109378249547977
v 0.7327964551245558 0.21289423668979063 0.2159990284326659
v 0.9895611204981727 -0.0022318481527622835 0.39578758267316616
v 0.7111596668083837 0.15625 0.2008487861510344
v 0.6969479278526155 0.21289423668979063 0.2671960312007279
v 0.9753493815424044 0.054412388537028344 0.46213482772285963
v 0.6753111395364433 0.15625 0.2520457889190964
v 0.9537125932262323 -0.0022318481527622835 0.44698458544122815
vt 0.65625 0.609375
vt 0.671875 0.609375
vt 0.671875 0.59375
vt 0.65625 0.59375
vt 0.234375 0.390625
vt 0.328125 0.390625
vt 0.328125 0.375
vt 0.234375 0.375
vt 0.671875 0.609375
vt 0.6875 0.609375
vt 0.6875 0.59375
vt 0.671875 0.59375
vt 0.609375 0.578125
vt 0.703125 0.578125
vt 0.703125 0.5625
vt 0.609375 0.5625
vt 0.34375 0.296875
vt 0.328125 0.296875
vt 0.328125 0.390625
vt 0.34375 0.390625
vt 0.421875 0.390625
vt 0.40625 0.390625
vt 0.40625 0.296875
vt 0.421875 0.296875
vn -0.742403876506104 0.42261826174069944 -0.5198367907256847
vn 0.5735764363510463 0 -0.8191520442889917
vn 0.742403876506104 -0.42261826174069944 0.5198367907256847
vn -0.5735764363510463 0 0.8191520442889917
vn 0.3461886130587541 0.90630778703665 0.2424038765061041
vn -0.3461886130587541 -0.90630778703665 -0.2424038765061041
usemtl entities/weaver
f 124/364/91 127/363/91 125/362/91 122/361/91
f 123/368/92 124/367/92 122/366/92 121/365/92
f 128/372/93 123/371/93 121/370/93 126/369/93
f 127/376/94 128/375/94 126/374/94 125/373/94
f 126/380/95 121/379/95 122/378/95 125/377/95
f 127/384/96 124/383/96 123/382/96 128/381/96
o cube
v 0.4776451569168312 0.49594704685580804 0.3764148168063152
v 0.2622184609454107 0.419975969126526 0.003284834077121275
v 0.4884981680210143 0.372846077729282 0.3952127834538696
v 0.2730714720495938 0.296875 0.022082800724675687
v 0.15396528547235586 0.419975969126526 0.06578483407712127
v 0.36939198144377633 0.49594704685580804 0.4389148168063152
v 0.164818296576539 0.296875 0.08458280072467567
v 0.38024499254795946 0.372846077729282 0.4577127834538696
vt 0.0625 0.34375
vt 0.09375 0.34375
vt 0.09375 0.3125
vt 0.0625 0.3125
vt 0 0.515625
vt 0.109375 0.515625
vt 0.109375 0.484375
vt 0 0.484375
vt 0.65625 0.9375
vt 0.6875 0.9375
vt 0.6875 0.90625
vt 0.65625 0.90625
vt 0.234375 0.515625
vt 0.34375 0.515625
vt 0.34375 0.484375
vt 0.234375 0.484375
vt 0.53125 0.734375
vt 0.5 0.734375
vt 0.5 0.84375
vt 0.53125 0.84375
vt 0.53125 0.6875
vt 0.5 0.6875
vt 0.5 0.578125
vt 0.53125 0.578125
vn -0.4924038765061039 -0.17364817766693036 -0.8528685319524433
vn 0.8660254037844387 0 -0.4999999999999999
vn 0.4924038765061039 0.17364817766693036 0.8528685319524433
vn -0.8660254037844387 0 0.4999999999999999
vn -0.08682408883346515 0.9848077530122081 -0.1503837331804353
vn 0.08682408883346515 -0.9848077530122081 0.1503837331804353
usemtl entities/weaver
f 132/388/97 135/387/97 133/386/97 130/385/97
f 131/392/98 132/391/98 130/390/98 129/389/98
f 136/396/99 131/395/99 129/394/99 134/393/99
f 135/400/100 136/399/100 134/398/100 133/397/100
f 134/404/101 129/403/101 130/402/101 133/401/101
f 135/408/102 132/407/102 131/406/102 136/405/102
o cube
v 0.5923535956608237 0.1813451790247718 0.6458801339489484
v 0.45171913287603416 0.48976399485042577 0.36928289621520854
v 0.5683647112460597 0.11501838411563159 0.5841196919037692
v 0.42773024846127017 0.4234371999412855 0.3075224541700293
v 0.36624738279593455 0.4850773950265692 0.40751479677398306
v 0.5068818455807241 0.17665857920091527 0.684112034507723
v 0.34225849838117056 0.418750600117429 0.34575435472880384
v 0.4828929611659601 0.11033178429177504 0.6223515924625437
vt 0.65625 0.90625
vt 0.6875 0.90625
vt 0.6875 0.875
vt 0.65625 0.875
vt 0.5 0.578125
vt 0.609375 0.578125
vt 0.609375 0.546875
vt 0.5 0.546875
vt 0.109375 0.34375
vt 0.140625 0.34375
vt 0.140625 0.3125
vt 0.109375 0.3125
vt 0.5 0.546875
vt 0.609375 0.546875
vt 0.609375 0.515625
vt 0.5 0.515625
vt 0.4375 0.390625
vt 0.40625 0.390625
vt 0.40625 0.5
vt 0.4375 0.5
vt 0.53125 0.515625
vt 0.5 0.515625
vt 0.5 0.40625
vt 0.53125 0.40625
vn -0.3214502006509475 0.7049572933157807 -0.6322222576771196
vn 0.9116986675210625 0.049990398121136245 -0.4078069392935948
vn 0.3214502006509475 -0.7049572933157807 0.6322222576771196
vn -0.9116986675210625 -0.049990398121136245 0.4078069392935948
vn 0.25588143375748257 0.7074858123641625 0.6587780484819119
vn -0.25588143375748257 -0.7074858123641625 -0.6587780484819119
usemtl entities/weaver
f 140/412/103 143/411/103 141/410/103 138/409/103
f 139/416/104 140/415/104 138/414/104 137/413/104
f 144/420/105 139/419/105 137/418/105 142/417/105
f 143/424/106 144/423/106 142/422/106 141/421/106
f 142/428/107 137/427/107 138/426/107 141/425/107
f 143/432/108 140/431/108 139/430/108 144/429/108
o cube
v 0.6540676096425728 0.054412388537028344 0.8833471132386644
v 0.5378267899352811 0.21289423668979063 0.5639780858739845
v 0.6450336122392853 -0.0022318481527622835 0.8585264093657206
v 0.5287927925319936 0.15625 0.5391573820010406
v 0.4790960011361618 0.21289423668979063 0.5853543448318388
v 0.5953368208434535 0.054412388537028344 0.9047233721965187
v 0.4700620037328743 0.15625 0.5605336409588949
v 0.586302823440166 -0.0022318481527622835 0.8799026683235748
vt 0.46875 0.328125
vt 0.484375 0.328125
vt 0.484375 0.3125
vt 0.46875 0.3125
vt 0.609375 0.5625
vt 0.703125 0.5625
vt 0.703125 0.546875
vt 0.609375 0.546875
vt 0.484375 0.328125
vt 0.5 0.328125
vt 0.5 0.3125
vt 0.484375 0.3125
vt 0.609375 0.546875
vt 0.703125 0.546875
vt 0.703125 0.53125
vt 0.609375 0.53125
vt 0.4375 0.296875
vt 0.421875 0.296875
vt 0.421875 0.390625
vt 0.4375 0.390625
vt 0.625 0.40625
vt 0.609375 0.40625
vt 0.609375 0.3125
vt 0.625 0.3125
vn -0.3099755192194446 0.42261826174069944 -0.8516507396391465
vn 0.9396926207859084 0 -0.34202014332566866
vn 0.3099755192194446 -0.42261826174069944 0.8516507396391465
vn -0.9396926207859084 0 0.34202014332566866
vn 0.14454395845259901 0.9063077870366502 0.39713126196710297
vn -0.14454395845259901 -0.9063077870366502 -0.39713126196710297
usemtl entities/weaver
f 148/436/109 151/435/109 149/434/109 146/433/109
f 147/440/110 148/439/110 146/438/110 145/437/110
f 152/444/111 147/443/111 145/442/111 150/441/111
f 151/448/112 152/447/112 150/446/112 149/445/112
f 150/452/113 145/451/113 146/450/113 149/449/113
f 151/456/114 148/455/114 147/454/114 152/453/114
o cube
v -0.13592978099528097 0.419975969126526 -0.07165829413746355
v -0.46598262769205745 0.49594704685580804 -0.34860551606974
v -0.15255755869021712 0.296875 -0.08561065626858226
v -0.48261040538699357 0.372846077729282 -0.3625578782008587
v -0.5463310789028748 0.49594704685580804 -0.25284996067986776
v -0.2162782322060984 0.419975969126526 0.024097261252408714
v -0.562958856597811 0.372846077729282 -0.2668023228109865
v -0.23290600990103452 0.296875 0.010144899121290005
vt 0.203125 0.34375
vt 0.234375 0.34375
vt 0.234375 0.3125
vt 0.203125 0.3125
vt 0.53125 0.9375
vt 0.640625 0.9375
vt 0.640625 0.90625
vt 0.53125 0.90625
vt 0.65625 0.796875
vt 0.6875 0.796875
vt 0.6875 0.765625
vt 0.65625 0.765625
vt 0.53125 0.6875
vt 0.640625 0.6875
vt 0.640625 0.65625
vt 0.53125 0.65625
vt 0.234375 0.359375
vt 0.203125 0.359375
vt 0.203125 0.46875
vt 0.234375 0.46875
vt 0.375 0.46875
vt 0.34375 0.46875
vt 0.34375 0.359375
vt 0.375 0.359375
vn -0.754406506735489 0.17364817766693036 -0.6330222215594891
vn 0.6427876096865394 1.3877787807814457e-17 -0.7660444431189781
vn 0.754406506735489 -0.17364817766693036 0.6330222215594891
vn -0.6427876096865394 -1.3877787807814457e-17 0.7660444431189781
vn 0.133022221559489 0.9848077530122081 0.11161889704894966
vn -0.133022221559489 -0.9848077530122081 -0.11161889704894966
usemtl entities/weaver
f 156/460/115 159/459/115 157/458/115 154/457/115
f 155/464/116 156/463/116 154/462/116 153/461/116
f 160/468/117 155/467/117 153/466/117 158/465/117
f 159/472/118 160/471/118 158/470/118 157/469/118
f 158/476/119 153/475/119 154/474/119 157/473/119
f 159/480/120 156/479/120 155/478/120 160/477/120
o cube
v -0.45228823219546005 0.4850773950265692 -0.32017466503306447
v -0.679043225995695 0.17665857920091527 -0.5319912291430432
v -0.40862273928987136 0.418750600117429 -0.2703435150724942
v -0.6353777330901064 0.11033178429177504 -0.48216007918247294
v -0.7462843187228972 0.1813451790247718 -0.4668319340966507
v -0.5195293249226622 0.48976399485042577 -0.25501536998667196
v -0.7026188258173085 0.11501838411563159 -0.4170007841360805
v -0.4758638320170736 0.4234371999412855 -0.20518422002610176
vt 0.65625 0.734375
vt 0.6875 0.734375
vt 0.6875 0.703125
vt 0.65625 0.703125
vt 0.53125 0.65625
vt 0.640625 0.65625
vt 0.640625 0.625
vt 0.53125 0.625
vt 0.65625 0.703125
vt 0.6875 0.703125
vt 0.6875 0.671875
vt 0.65625 0.671875
vt 0.53125 0.625
vt 0.640625 0.625
vt 0.640625 0.59375
vt 0.53125 0.59375
vt 0.40625 0.359375
vt 0.375 0.359375
vt 0.375 0.46875
vt 0.40625 0.46875
vt 0.46875 0.46875
vt 0.4375 0.46875
vt 0.4375 0.359375
vt 0.46875 0.359375
vn -0.5182971286862512 -0.7049572933157806 -0.48415214653709426
vn 0.7172383224234901 -0.0499903981211363 -0.695032480494853
vn 0.5182971286862512 0.7049572933157806 0.48415214653709426
vn -0.7172383224234901 0.0499903981211363 0.695032480494853
vn -0.46576525765961246 0.7074858123641625 -0.5315322662460822
vn 0.46576525765961246 -0.7074858123641625 0.5315322662460822
usemtl entities/weaver
f 164/484/121 167/483/121 165/482/121 162/481/121
f 163/488/122 164/487/122 162/486/122 161/485/122
f 168/492/123 163/491/123 161/490/123 166/489/123
f 167/496/124 168/495/124 166/494/124 165/493/124
f 166/500/125 161/499/125 162/498/125 165/497/125
f 167/504/126 164/503/126 163/502/126 168/501/126
o cube
v -0.6191559538313769 0.21289423668979063 -0.4486926754081042
v -0.8376172348574714 0.054412388537028344 -0.7090446919136857
v -0.6021775924392403 0.15625 -0.42845865222266266
v -0.8206388734653349 -0.0022318481527622835 -0.6888106687282441
v -0.8854950125524075 0.054412388537028344 -0.668870466308277
v -0.667033731526313 0.21289423668979063 -0.40851844980269547
v -0.868516651160271 -0.0022318481527622835 -0.6486364431228354
v -0.6500553701341765 0.15625 -0.38828442661725393
vt 0.671875 0.484375
vt 0.6875 0.484375
vt 0.6875 0.46875
vt 0.671875 0.46875
vt 0.625 0.59375
vt 0.71875 0.59375
vt 0.71875 0.578125
vt 0.625 0.578125
vt 0.671875 0.46875
vt 0.6875 0.46875
vt 0.6875 0.453125
vt 0.671875 0.453125
vt 0.625 0.40625
vt 0.71875 0.40625
vt 0.71875 0.390625
vt 0.625 0.390625
vt 0.265625 0.28125
vt 0.25 0.28125
vt 0.25 0.375
vt 0.265625 0.375
vt 0.28125 0.375
vt 0.265625 0.375
vt 0.265625 0.28125
vt 0.28125 0.28125
vn -0.5825634160695854 -0.4226182617406995 -0.694272044014884
vn 0.7660444431189781 0 -0.6427876096865394
vn 0.5825634160695854 0.4226182617406995 0.694272044014884
vn -0.7660444431189781 0 0.6427876096865394
vn -0.2716537822741844 0.9063077870366499 -0.3237443709670646
vn 0.2716537822741844 -0.9063077870366499 0.3237443709670646
usemtl entities/weaver
f 172/508/127 175/507/127 173/506/127 170/505/127
f 171/512/128 172/511/128 170/510/128 169/509/128
f 176/516/129 171/515/129 169/514/129 174/513/129
f 175/520/130 176/519/130 174/518/130 173/517/130
f 174/524/131 169/523/131 170/522/131 173/521/131
f 175/528/132 172/527/132 171/526/132 176/525/132
o cube
v -0.5230893932290692 0.49594704685580804 0.21016343312244853
v -0.13260360904011856 0.419975969126526 0.02807692155448069
v -0.5427617301821019 0.372846077729282 0.21933679449745333
v -0.1522759459931514 0.296875 0.03725028292948547
v -0.18543089175770602 0.419975969126526 -0.08521155182510054
v -0.5759166759466565 0.49594704685580804 0.0968749597428673
v -0.20510322871073886 0.296875 -0.07603819045009576
v -0.5955890128996895 0.372846077729282 0.10604832111787207
vt 0.65625 0.671875
vt 0.6875 0.671875
vt 0.6875 0.640625
vt 0.65625 0.640625
vt 0.53125 0.515625
vt 0.640625 0.515625
vt 0.640625 0.484375
vt 0.53125 0.484375
vt 0.53125 0.34375
vt 0.5625 0.34375
vt 0.5625 0.3125
vt 0.53125 0.3125
vt 0.53125 0.484375
vt 0.640625 0.484375
vt 0.640625 0.453125
vt 0.53125 0.453125
vt 0.5 0.359375
vt 0.46875 0.359375
vt 0.46875 0.46875
vt 0.5 0.46875
vt 0.03125 0.453125
vt 0 0.453125
vt 0 0.34375
vt 0.03125 0.34375
vn 0.89253893528903 -0.17364817766693036 -0.41619774072678367
vn 0.42261826174069966 -1.3877787807814457e-17 0.9063077870366498
vn -0.89253893528903 0.17364817766693036 0.41619774072678367
vn -0.42261826174069966 1.3877787807814457e-17 -0.9063077870366498
vn 0.15737869562426263 0.984807753012208 -0.07338689100003827
vn -0.15737869562426263 -0.984807753012208 0.07338689100003827
usemtl entities/weaver
f 180/532/133 183/531/133 181/530/133 178/529/133
f 179/536/134 180/535/134 178/534/134 177/533/134
f 184/540/135 179/539/135 177/538/135 182/537/135
f 183/544/136 184/543/136 182/542/136 181/541/136
f 182/548/137 177/547/137 178/546/137 181/545/137
f 183/552/138 180/551/138 179/550/138 184/549/138
o cube
v -0.7763538428382307 0.17665857920091527 0.33215628895046967
v -0.5025031772267247 0.4850773950265692 0.1862457102084318
v -0.7212789648739253 0.11033178429177504 0.29532455542762676
v -0.4474282992624192 0.418750600117429 0.14941397668558892
v -0.5505886187563667 0.48976399485042577 0.10590338888902746
v -0.8244392843678727 0.1813451790247718 0.25181396763106534
v -0.4955137407920612 0.4234371999412855 0.06907165536618456
v -0.7693644064035672 0.11501838411563159 0.2149822341082224
vt 0.65625 0.359375
vt 0.6875 0.359375
vt 0.6875 0.328125
vt 0.65625 0.328125
vt 0.546875 0.90625
vt 0.65625 0.90625
vt 0.65625 0.875
vt 0.546875 0.875
vt 0.671875 0.765625
vt 0.703125 0.765625
vt 0.703125 0.734375
vt 0.671875 0.734375
vt 0.546875 0.875
vt 0.65625 0.875
vt 0.65625 0.84375
vt 0.546875 0.84375
vt 0.0625 0.34375
vt 0.03125 0.34375
vt 0.03125 0.453125
vt 0.0625 0.453125
vt 0.09375 0.453125
vt 0.0625 0.453125
vt 0.0625 0.34375
vt 0.09375 0.34375
vn 0.6259443785405853 0.7049572933157806 -0.3335098942675151
vn 0.5129113763161808 -0.0499903981211363 0.8569847607403132
vn -0.6259443785405853 -0.7049572933157806 0.3335098942675151
vn -0.5129113763161808 0.0499903981211363 -0.8569847607403132
vn -0.5874653649525917 0.7074858123641624 0.3928718242436576
vn 0.5874653649525917 -0.7074858123641624 -0.3928718242436576
usemtl entities/weaver
f 188/556/139 191/555/139 189/554/139 186/553/139
f 187/560/140 188/559/140 186/558/140 185/557/140
f 192/564/141 187/563/141 185/562/141 190/561/141
f 191/568/142 192/567/142 190/566/142 189/565/142
f 190/572/143 185/571/143 186/570/143 189/569/143
f 191/576/144 188/575/144 187/574/144 192/573/144
o cube
v -0.9753493815424044 0.054412388537028344 0.46213482772285963
v -0.6969479278526155 0.21289423668979063 0.2671960312007279
v -0.9537125932262323 -0.0022318481527622835 0.44698458544122815
v -0.6753111395364433 0.15625 0.2520457889190964
v -0.7327964551245558 0.21289423668979063 0.2159990284326659
v -1.0111979088143448 0.054412388537028344 0.4109378249547977
v -0.7111596668083837 0.15625 0.2008487861510344
v -0.9895611204981727 -0.0022318481527622835 0.39578758267316616
vt 0.671875 0.453125
vt 0.6875 0.453125
vt 0.6875 0.4375
vt 0.671875 0.4375
vt 0.625 0.390625
vt 0.71875 0.390625
vt 0.71875 0.375
vt 0.625 0.375
vt 0.671875 0.4375
vt 0.6875 0.4375
vt 0.6875 0.421875
vt 0.671875 0.421875
vt 0.625 0.375
vt 0.71875 0.375
vt 0.71875 0.359375
vt 0.625 0.359375
vt 0.296875 0.28125
vt 0.28125 0.28125
vt 0.28125 0.375
vt 0.296875 0.375
vt 0.3125 0.375
vt 0.296875 0.375
vt 0.296875 0.28125
vt 0.3125 0.28125
vn 0.742403876506104 0.42261826174069944 -0.5198367907256847
vn 0.5735764363510463 0 0.8191520442889917
vn -0.742403876506104 -0.42261826174069944 0.5198367907256847
vn -0.5735764363510463 0 -0.8191520442889917
vn -0.3461886130587541 0.90630778703665 0.2424038765061041
vn 0.3461886130587541 -0.90630778703665 -0.2424038765061041
usemtl entities/weaver
f 196/580/145 199/579/145 197/578/145 194/577/145
f 195/584/146 196/583/146 194/582/146 193/581/146
f 200/588/147 195/587/147 193/586/147 198/585/147
f 199/592/148 200/591/148 198/590/148 197/589/148
f 198/596/149 193/595/149 194/594/149 197/593/149
f 199/600/150 196/599/150 195/598/150 200/597/150
o cube
v -0.36939198144377633 0.49594704685580804 0.4389148168063152
v -0.15396528547235586 0.419975969126526 0.06578483407712127
v -0.38024499254795946 0.372846077729282 0.4577127834538696
v -0.164818296576539 0.296875 0.08458280072467567
v -0.2622184609454107 0.419975969126526 0.003284834077121275
v -0.4776451569168312 0.49594704685580804 0.3764148168063152
v -0.2730714720495938 0.296875 0.022082800724675687
v -0.4884981680210143 0.372846077729282 0.3952127834538696
vt 0.34375 0.328125
vt 0.375 0.328125
vt 0.375 0.296875
vt 0.34375 0.296875
vt 0.234375 0.453125
vt 0.34375 0.453125
vt 0.34375 0.421875
vt 0.234375 0.421875
vt 0.671875 0.640625
vt 0.703125 0.640625
vt 0.703125 0.609375
vt 0.671875 0.609375
vt 0.546875 0.734375
vt 0.65625 0.734375
vt 0.65625 0.703125
vt 0.546875 0.703125
vt 0.5625 0.34375
vt 0.53125 0.34375
vt 0.53125 0.453125
vt 0.5625 0.453125
vt 0.59375 0.84375
vt 0.5625 0.84375
vt 0.5625 0.734375
vt 0.59375 0.734375
vn 0.4924038765061039 -0.17364817766693036 -0.8528685319524433
vn 0.8660254037844387 0 0.4999999999999999
vn -0.4924038765061039 0.17364817766693036 0.8528685319524433
vn -0.8660254037844387 0 -0.4999999999999999
vn 0.08682408883346515 0.9848077530122081 -0.1503837331804353
vn -0.08682408883346515 -0.9848077530122081 0.1503837331804353
usemtl entities/weaver
f 204/604/151 207/603/151 205/602/151 202/601/151
f 203/608/152 204/607/152 202/606/152 201/605/152
f 208/612/153 203/611/153 201/610/153 206/609/153
f 207/616/154 208/615/154 206/614/154 205/613/154
f 206/620/155 201/619/155 202/618/155 205/617/155
f 207/624/156 204/623/156 203/622/156 208/621/156
o cube
